A = [4 1 -1;
    1 2 0;
    -1 0 0]
B = [-18
    26
    0]
x = A\B

%% 
x = [0;2]
a1 = [1 2]
d = [0 13]
a1'*d
f = (4 - a1*x)/(a1*d')